# Created by Octave 4.0.0, Tue May 08 12:53:35 2018 Hora estándar de Argentina <unknown@DESKTOP-1398VJ2>
# name: P
# type: matrix
# rows: 3
# columns: 3
 0 1 0
 0.6666666666666666 0 0.3333333333333333
 0.6666666666666666 0.3333333333333333 0


# name: X
# type: matrix
# rows: 31
# columns: 3
 1 0 0
 0 1 0
 0.6666666666666666 0 0.3333333333333333
 0.2222222222222222 0.7777777777777777 0
 0.5185185185185184 0.2222222222222222 0.2592592592592592
 0.3209876543209876 0.6049382716049381 0.07407407407407407
 0.4526748971193414 0.3456790123456789 0.2016460905349793
 0.3648834019204388 0.5198902606310012 0.1152263374485596
 0.4234110653863739 0.4032921810699587 0.1732967535436671
 0.3843926230757505 0.4811766499009296 0.1344307270233196
 0.4104049179494994 0.429202865416857 0.1603922166336432
 0.3930633880336667 0.4638689901607138 0.143067621805619
 0.4046244079775552 0.4407525953022064 0.1546229967202379
 0.3969170613482962 0.4561654068843011 0.1469175317674021
 0.4020552924344688 0.4458895719374302 0.1520551356281004
 0.3986298050436871 0.4527403376438356 0.1486298573124767
 0.4009134633042082 0.4481730908145126 0.1509134458812785
 0.3993910244638607 0.4512179452646344 0.1493910302715042
 0.400405983690759 0.4491880345543621 0.1504059817548781
 0.3997293442061601 0.4505413109423851 0.149729344851454
 0.4001804371958927 0.4496391258233114 0.150180436980795
 0.399879708536071 0.4502405828561578 0.1498797086077705
 0.4000801943092854 0.4498396114053278 0.1500801942853859
 0.3999465371271425 0.4501069257377474 0.1499465371351092
 0.4000356419152377 0.4499287161721789 0.1500356419125825
 0.3999762387231742 0.4500475225527652 0.1499762387240596
 0.4000158408512166 0.4499683182978608 0.1500158408509217
 0.3999894394325216 0.4500211211348571 0.1499894394326202
 0.4000070403783182 0.449985919243395 0.1500070403782857
 0.3999953064144538 0.4500093871710801 0.149995306414465
 0.4000031290570301 0.4499937418859422 0.1500031290570267


# name: ans
# type: matrix
# rows: 3
# columns: 1
 0.3999999999999998
 0.4500000000000001
 0.15


# name: d
# type: matrix
# rows: 3
# columns: 3
 -0.6446583712203039 0.4082482904638626 1.592364386128498e-016
 -0.7252406676228423 -0.8164965809277261 -0.7071067811865478
 -0.2417468892076142 0.408248290463863 0.7071067811865471


# name: e
# type: diagonal matrix
# rows: 3
# columns: 3
1
-0.6666666666666664
-0.3333333333333335


# name: k
# type: scalar
30


# name: v
# type: matrix
# rows: 3
# columns: 1
 -0.6446583712203039
 -0.7252406676228423
 -0.2417468892076142


